X0 = [1.75; 3; 0];
CX0 = [3 0 0; 0 0.25 0; 0 0 0.01];

Y1 = [1.5; 3.38; 0.035];
CY1 = [0.1 0.04 0.001; 0.04 0.2 -0.02; 0.001 -0.02 0.004];

Y2 = [1.2; 3.14; 0.02];
CY2 = [ 0.2 0.005 0.009; 0.005 0.2 -0.02; 0.009 -0.02 0.005];